1627807316.956819534 -0.0011222898895952849 -0.015813047664054725 0.999874336098781 -0.043252 -0.999999057272936 0.0008087986088840537 -0.0011096387021575782 -0.0143463 -0.0007911502024084971 -0.9998746388264803 -0.015813940463168308 0.0233776 0.0 0.0 0.0 1.0
1627807317.048208952 -0.0011222623724786718 -0.01578305349279585 0.9998748100385423 -0.0455577 -0.9999990588707108 0.0008067821247262075 -0.0011096667499908563 -0.0143382 -0.0007891671940288836 -0.9998751143643125 -0.01578394406012326 0.0242223 0.0 0.0 0.0 1.0
1627807317.109069347 -0.0010275525613235026 -0.01570596033424959 0.9998761258004476 -0.0446983 -0.9999988834941478 0.0011009691273618782 -0.0010103847972195434 -0.0140568 -0.001084963682145057 -0.9998760476563879 -0.015707074102099594 0.0234747 0.0 0.0 0.0 1.0
1627807317.170325279 -0.0010195402129447584 -0.01567502643099422 0.9998766194306883 -0.0448081 -0.9999990213499261 0.000973902183500408 -0.0010043971958019204 -0.0142936 -0.0009580380703030911 -0.9998766649246918 -0.015676004023067985 0.023607 0.0 0.0 0.0 1.0
1627807317.231195211 -0.0010569756818325227 -0.01574903677925532 0.9998754175610749 -0.0453909 -0.9999990527004644 0.0008982407196500286 -0.0010429581887044792 -0.0143157 -0.0008817032277573245 -0.9998755727609988 -0.015749971278797265 0.0238004 0.0 0.0 0.0 1.0
1627807317.292290688 -0.0010316255228364213 -0.015723008973144326 0.9998758536626493 -0.0449943 -0.9999990013743112 0.00098202018827942 -0.001016310351604377 -0.0143367 -0.0009659188172920774 -0.9998759036126339 -0.015724006348833697 0.0237149 0.0 0.0 0.0 1.0
1627807317.383646965 -0.0012266030183840648 -0.015660999118069896 0.9998766066628719 -0.0451583 -0.999998896247865 0.0008575276371346474 -0.0012133216407557157 -0.0140256 -0.0008384199947919502 -0.9998769913109191 -0.01566203367819677 0.0236044 0.0 0.0 0.0 1.0
1627807317.444758654 -0.0009964571476394068 -0.015882024871035128 0.9998733761627763 -0.0441499 -0.9999990663154996 0.000950823930064959 -0.0009814794866562782 -0.0145822 -0.000935115651472973 -0.9998734205987525 -0.015882957497535904 0.0238 0.0 0.0 0.0 1.0
1627807317.505410433 -0.0012881060041817771 -0.015479943776622429 0.9998793487834394 -0.0424939 -0.9999987535544261 0.0009328878586014056 -0.0012738170346016098 -0.0123059 -0.0009130566884689717 -0.9998797432996211 -0.015481126140166945 0.0219617 0.0 0.0 0.0 1.0
1627807317.567497015 -0.0012090379037645316 -0.015720035120635356 0.9998757016365352 -0.0432673 -0.9999989776323287 0.0007824315881715393 -0.0011968855865573946 -0.0138021 -0.0007635192497495447 -0.999876126475983 -0.01572096503842685 0.023247 0.0 0.0 0.0 1.0
1627807317.627432108 -0.0008710075625091851 -0.01579301927022536 0.9998749031194635 -0.0445739 -0.9999989741088475 0.0011507718988025828 -0.0008529392062108232 -0.0150224 -0.001137157455507798 -0.9998746202731457 -0.015794005399333233 0.0236985 0.0 0.0 0.0 1.0
1627807317.688420534 -0.0009768315501347546 -0.01580202144050019 0.9998746631045896 -0.0442898 -0.9999990355069199 0.0010026252942771652 -0.000961107563828778 -0.0143233 -0.0009873121860052847 -0.9998746375725875 -0.015802985595580132 0.0236263 0.0 0.0 0.0 1.0
1627807317.753245831 -0.0011000539641636276 -0.0157320216982077 0.9998756389544466 -0.0419647 -0.9999989967743823 0.0009095702629070002 -0.0010858785224375223 -0.0138069 -0.0008923740833214344 -0.9998758303785644 -0.01573300649181389 0.0231317 0.0 0.0 0.0 1.0
1627807317.810376406 -0.0010868921945175747 -0.015811036956151825 0.9998744070010637 -0.0428078 -0.9999990331110228 0.0008845113419720385 -0.0010730408685180604 -0.0140434 -0.0008674343647124272 -0.9998746065132653 -0.01581198303710804 0.0239504 0.0 0.0 0.0 1.0
1627807317.905413151 -0.0011696900647046038 -0.015846002353390176 0.9998737600490222 -0.0458756 -0.9999989633153126 0.0008581880285249699 -0.0011562359657568688 -0.0134796 -0.0008397579730758942 -0.999874075932927 -0.01584698974009288 0.024323 0.0 0.0 0.0 1.0
1627807317.965146303 -0.0011682177226916557 -0.015785971495997364 0.9998747113370154 -0.0446339 -0.9999989037588428 0.00092813553822918 -0.0011537094676091209 -0.014017 -0.0009098068285981475 -0.9998749630170518 -0.01578703845515053 0.0236672 0.0 0.0 0.0 1.0
1627807318.027102709 -0.0010565858524719252 -0.015672132396289895 0.9998766263357142 -0.0436399 -0.9999991906556607 0.0007252137009827742 -0.0010453483206454561 -0.0143309 -0.0007087413914297347 -0.9998769215914731 -0.015672885962674743 0.0231656 0.0 0.0 0.0 1.0
1627807318.084879398 -0.0010582519020364 -0.015784021181951713 0.9998748645596807 -0.0437741 -0.9999990217347865 0.0009312661463130589 -0.0010436823438556009 -0.0141723 -0.0009146761076910259 -0.9998749908957083 -0.01578499125516361 0.0235738 0.0 0.0 0.0 1.0
1627807318.180009842 -0.001258147207457594 -0.015779023211908716 0.9998747118974869 -0.044317 -0.9999989089186893 0.000793854145685724 -0.0012457756725953173 -0.0138715 -0.000774097561951459 -0.9998751883220592 -0.015780004781087903 0.0236853 0.0 0.0 0.0 1.0
1627807318.237397194 -0.0012527935052199513 -0.015784044881363757 0.999874639360163 -0.0440751 -0.9999989494348085 0.0007488188054113887 -0.0012411283880949808 -0.0138047 -0.0007291349068256348 -0.9998751438042549 -0.015784966414531643 0.0235104 0.0 0.0 0.0 1.0
1627807318.298237562 -0.0011840430969153326 -0.015835037887323267 0.9998739168600468 -0.0437245 -0.9999990112471766 0.0007773026709616548 -0.001171881063388891 -0.0139962 -0.0007586478851620004 -0.999874315789572 -0.015835942590246732 0.0236685 0.0 0.0 0.0 1.0
1627807318.359354734 -0.0011778547347822965 -0.015823989308934527 0.9998740990847674 -0.0432493 -0.9999989350591507 0.0008802379767815782 -0.0011640711617273425 -0.0141673 -0.0008617069043966308 -0.9998744053847242 -0.015825009249790717 0.0236401 0.0 0.0 0.0 1.0
1627807318.450615406 -0.0011628100460642221 -0.01570100665736629 0.9998760554502455 -0.0449362 -0.9999989516401714 0.00088104858008764 -0.0011491179043007782 -0.0138727 -0.0008628970710525263 -0.9998763434261984 -0.015702014689201488 0.0235433 0.0 0.0 0.0 1.0
1627807318.511787415 -0.001497166792590876 -0.015441222652479714 0.9998796563259957 -0.0454318 -0.9999987974542596 0.0004275226016489664 -0.001490742921978594 -0.0114659 -0.0004044522586324484 -0.9998806858157734 -0.015441844156345447 0.0222308 0.0 0.0 0.0 1.0
1627807318.572444201 -0.0013146743235251113 -0.01554804458594522 0.9998782575598775 -0.0444208 -0.9999988731470082 0.0007451543976297326 -0.0013032458086074672 -0.0136241 -0.0007248007567763892 -0.9998788441878732 -0.01554900670093834 0.0231782 0.0 0.0 0.0 1.0
1627807318.633584261 -0.0014451261218902944 -0.015619044996798226 0.999876970953867 -0.0468252 -0.9999987440775292 0.0006732261304448484 -0.001434785678012862 -0.0126646 -0.0006507333220105993 -0.9998777886321737 -0.015619998277155683 0.0236737 0.0 0.0 0.0 1.0
1627807318.694354773 -0.0013180494039957968 -0.015613011582803316 0.999877240772628 -0.0447899 -0.9999988351274556 0.0007902189733121345 -0.0013058704783039388 -0.0135461 -0.0007697333957381591 -0.999877797244888 -0.015614034943281674 0.0233244 0.0 0.0 0.0 1.0
1627807318.755510569 -0.0013156980298549281 -0.01555103399725849 0.9998782097237192 -0.0445781 -0.9999988696291666 0.0007481636476990849 -0.0013042206657025157 -0.0135887 -0.0007277905487294012 -0.9998787954511146 -0.015552000776260538 0.0232202 0.0 0.0 0.0 1.0
1627807318.847073793 -0.001335233072339015 -0.015907960700233426 0.999872568850152 -0.0454471 -0.9999988056200415 0.0007995459795935855 -0.0013226808822877634 -0.0132014 -0.0007784029370356826 -0.9998731407096533 -0.015909009280318853 0.0243176 0.0 0.0 0.0 1.0
1627807318.907962799 -0.0012693958968383878 -0.015755066309919297 0.9998750754567427 -0.0450444 -0.9999989631026036 0.000699935994431522 -0.0012585242631688587 -0.0130996 -0.0006800204220283046 -0.9998756362544161 -0.015755938469411396 0.0234605 0.0 0.0 0.0 1.0
1627807318.972612381 -0.001215839513030531 -0.015757050957969865 0.9998751107410299 -0.0442178 -0.9999989896925909 0.0007555100222109423 -0.001204084051904586 -0.0137246 -0.0007364428533606082 -0.9998755645327646 -0.015757953617442005 0.0234327 0.0 0.0 0.0 1.0
1627807319.031462669 -0.0010227354382187914 -0.015867996072805035 0.9998735723644552 -0.0442287 -0.9999990056674521 0.0009870222304486087 -0.0010071996942790373 -0.0141053 -0.0009709152027684298 -0.9998736082564388 -0.01586898975735343 0.0239362 0.0 0.0 0.0 1.0
1627807319.090820074 -0.0010817329138838039 -0.01582804005181343 0.9998741435810916 -0.0439009 -0.9999990566751058 0.0008634810583203478 -0.001068199120399016 -0.0139347 -0.0008464648852255507 -0.9998743558810678 -0.015828959176710483 0.0235633 0.0 0.0 0.0 1.0
1627807319.182374001 -0.001200452436554339 -0.015867012238804656 0.9998733904032857 -0.0430482 -0.9999989526194482 0.0008274474560067968 -0.0011874724057147623 -0.0138819 -0.0008085010540233584 -0.999873768659485 -0.01586798893131927 0.023646 0.0 0.0 0.0 1.0
1627807319.243186712 -0.0010068182166690642 -0.015873998012002122 0.9998734932501179 -0.043081 -0.999999011939493 0.0009968979116185828 -0.0009911178495025097 -0.0143237 -0.0009810387945312082 -0.9998735031901129 -0.015874986022509113 0.0236975 0.0 0.0 0.0 1.0
1627807319.303956509 -0.0011238302700646297 -0.016020927651291483 0.9998710251240988 -0.0468112 -0.9999988951108061 0.0009909081290432886 -0.0011080966775436352 -0.0137978 -0.0009730275900887708 -0.9998711656899961 -0.016022023562491938 0.0253858 0.0 0.0 0.0 1.0
1627807319.365244627 -0.0011334158422606488 -0.015886969128444284 0.9998731517449805 -0.0458369 -0.9999989261396192 0.0009469152640696754 -0.001118512892971435 -0.0135702 -0.0009290253697203932 -0.9998733457610494 -0.0158880253168191 0.0240913 0.0 0.0 0.0 1.0
1627807319.426263094 -0.0012906595354189587 -0.015680038649195427 0.9998762276331625 -0.0437986 -0.999998910124111 0.0007370521177160194 -0.001279259460039206 -0.0133821 -0.0007169020532551973 -0.9998767889805902 -0.015680972843243268 0.0234518 0.0 0.0 0.0 1.0
1627807319.487330914 -0.0012198660721934873 -0.015787043519235378 0.9998746327333682 -0.0436725 -0.9999989833508385 0.0007575595033755267 -0.0012080566579307228 -0.0138719 -0.000738392887178807 -0.9998750898789914 -0.015787951590486682 0.0235727 0.0 0.0 0.0 1.0
1627807319.579136848 -0.0011776532496282632 -0.01579600790621799 0.9998745417636407 -0.045419 -0.9999989556749054 0.0008562225405249757 -0.001164273189416698 -0.0138925 -0.000837724251850136 -0.9998748686796702 -0.015796999743307838 0.0239307 0.0 0.0 0.0 1.0
1627807319.639686108 -0.0008413558918181352 -0.016010990241065393 0.9998714618948594 -0.045835 -0.9999989670966334 0.0011786227649008552 -0.0008225898393313669 -0.015677 -0.0011653007890741196 -0.9998711212150685 -0.016011965344467194 0.0250323 0.0 0.0 0.0 1.0
1627807319.700745344 -0.0009621826165128466 -0.015946997102894156 0.9998723756000122 -0.0462142 -0.9999990144920768 0.0010375741545982364 -0.0009457561778015156 -0.0171325 -0.0010223597637918358 -0.9998723002080181 -0.015947979722817224 0.0259212 0.0 0.0 0.0 1.0
1627807319.761496067 -0.0009984049871668843 -0.015916967951344174 0.9998728185718008 -0.0452857 -0.9999989481498659 0.0010678456260115599 -0.0009815319050177074 -0.0144367 -0.0010520868040043707 -0.9998727468217916 -0.015918017351477798 0.024316 0.0 0.0 0.0 1.0
1627807319.822461128 -0.0012757691961976791 -0.015853948662341466 0.9998735043618117 -0.0452584 -0.9999988258795087 0.0008690325624403916 -0.0012621497570990958 -0.0136353 -0.0008489125761586003 -0.9998739406016226 -0.015855038732869114 0.0240688 0.0 0.0 0.0 1.0
1627807319.913917065 -0.0010638807785617044 -0.01589097086401564 0.9998731645577295 -0.0466485 -0.9999989464236492 0.0010043594387247612 -0.001048052341286465 -0.0143441 -0.0009875774811318183 -0.99987322611775 -0.015892022640366155 0.0243275 0.0 0.0 0.0 1.0
1627807319.974846601 -0.0010513185326034846 -0.015861943897762965 0.9998736387489808 -0.0457234 -0.9999989016715041 0.0010612388980514864 -0.0010346148012680967 -0.014066 -0.0010446937966432368 -0.9998736282689857 -0.015863042176259112 0.0241317 0.0 0.0 0.0 1.0
1627807320.036674261 -0.0010313168089914893 -0.016103940134504557 0.9998697912717354 -0.04767 -0.9999989390513971 0.0010452036137937881 -0.0010146159302423796 -0.0147274 -0.0010287282049603053 -0.9998697768517408 -0.016105000985107504 0.0255632 0.0 0.0 0.0 1.0
1627807320.098105669 -0.001028296715561955 -0.015924957799447303 0.9998726610548719 -0.0463899 -0.9999989327419403 0.0010540888470057241 -0.001011638118629421 -0.0142571 -0.0010378443260964376 -0.9998726341968704 -0.015926024719507076 0.0244288 0.0 0.0 0.0 1.0
1627807320.158865213 -0.0012032286034578121 -0.016006934695479758 0.9998711568410116 -0.0473291 -0.9999988725607091 0.0009175431510854704 -0.0011886933485970586 -0.0137221 -0.0008983975951234457 -0.9998714598168211 -0.01600802066279694 0.0249266 0.0 0.0 0.0 1.0
1627807320.249538898 -0.0013341632623313782 -0.015868979909807568 0.9998731897020801 -0.0468961 -0.9999988124454764 0.0007925130054776686 -0.001321752916858765 -0.0125063 -0.0007714376361840358 -0.999873765732334 -0.015870018406265424 0.0245577 0.0 0.0 0.0 1.0
1627807320.310787201 -0.0014047598241087866 -0.015858899738657395 0.9998732529420493 -0.0458373 -0.9999986547154059 0.0008690590676322663 -0.0013911519381017423 -0.00980331 -0.0008468867778446132 -0.9998738620623182 -0.015860099223186874 0.0248622 0.0 0.0 0.0 1.0
1627807320.371087074 -0.001314696684050376 -0.01589094087754317 0.9998728667038901 -0.0457275 -0.9999987850156931 0.0008583664487959997 -0.0013012202646466298 -0.0125322 -0.000837579707545888 -0.9998733625840154 -0.015892050061823287 0.0245235 0.0 0.0 0.0 1.0
1627807320.432465076 -0.0011832981403227527 -0.015808947610385093 0.9998743305940819 -0.0450065 -0.9999988779211795 0.0009372665269085645 -0.0011686264757431175 -0.0128947 -0.0009186739864498472 -0.9998745914898077 -0.015810038937238063 0.0240553 0.0 0.0 0.0 1.0
1627807320.493304253 -0.0012016634516884839 -0.01584690650630871 0.9998737078047052 -0.045014 -0.9999988147916394 0.000981429766346853 -0.0011862592169978314 -0.0130542 -0.0009625072805231616 -0.9998739482303727 -0.01584806707270317 0.0244452 0.0 0.0 0.0 1.0
1627807320.584562302 -0.001123249193896697 -0.015868988052125277 0.9998734487571166 -0.0465537 -0.9999989559094649 0.0009268265591895475 -0.0011086805264272637 -0.0134459 -0.0009091156301090919 -0.9998736501232197 -0.015870012540650624 0.0244114 0.0 0.0 0.0 1.0
1627807320.645862341 -0.0009830358087111468 -0.015990928071328958 0.999871653693621 -0.0458701 -0.9999988826845537 0.0011417512500362659 -0.0009649008897005817 -0.0141255 -0.001126175049757372 -0.9998714850537045 -0.01599203258678153 0.0251395 0.0 0.0 0.0 1.0
1627807320.706806898 -0.0011638119925607704 -0.016159051502778632 0.9998687566856845 -0.0480793 -0.9999990674297704 0.0007333329285656998 -0.001152112149680029 -0.0140622 -0.000714619643958081 -0.9998691650797851 -0.01615988989498507 0.0260865 0.0 0.0 0.0 1.0
1627807320.768003941 -0.0011555426810166691 -0.016024931946623966 0.9998709248084068 -0.0469992 -0.9999988935908437 0.0009551679237819466 -0.0011403820965750766 -0.0134943 -0.0009367700898084141 -0.9998711363022456 -0.016026017953795962 0.0250855 0.0 0.0 0.0 1.0
1627807320.830693960 -0.001175560549122573 -0.01579493348266664 0.9998745611993904 -0.0465147 -0.9999988551670898 0.0009711941176348271 -0.0011603648115856569 -0.0132034 -0.0009527444071950053 -0.9998747805891817 -0.015796057097597155 0.0241582 0.0 0.0 0.0 1.0
1627807320.889474392 -0.0011727656412984233 -0.015855002253623296 0.9998736137754052 -0.0462683 -0.9999989521393484 0.000867217131289344 -0.001159161184838331 -0.0133501 -0.0008487290237923495 -0.9998739254715991 -0.015856002682245435 0.0246302 0.0 0.0 0.0 1.0
1627807320.980976343 -0.0011589318507490287 -0.016115898708828014 0.9998694588223864 -0.0477928 -0.9999988485395944 0.0009982426756982299 -0.0011429921459772396 -0.0133615 -0.0009796920182742475 -0.999869632162297 -0.01611703704724035 0.0255522 0.0 0.0 0.0 1.0
1627807321.041958094 -0.0011640466523367976 -0.01593398353125114 0.9998723684372006 -0.0467133 -0.9999989355139509 0.0008981903902969546 -0.001149880423373939 -0.0134285 -0.00087975357712472 -0.9998726426014709 -0.015935012105264934 0.0246806 0.0 0.0 0.0 1.0
1627807321.103213072 -0.0007589158986182343 -0.016293130580726622 0.9998669701227949 -0.0495961 -0.9999993542964505 0.0008580978294338848 -0.000745033420301966 -0.0212183 -0.0008458447499810062 -0.999866889922851 -0.016293771284279723 0.0284333 0.0 0.0 0.0 1.0
1627807321.163783550 -0.0007946978859272313 -0.016148949683216174 0.9998692813960228 -0.0487233 -0.9999988108797637 0.0013342872411576945 -0.0007732506816650608 -0.0153946 -0.0013216256386415215 -0.9998687069319085 -0.016149990835423095 0.0258889 0.0 0.0 0.0 1.0
1627807321.224853039 -0.0012484894339641894 -0.016162966942682433 0.9998685912527423 -0.046529 -0.999998902285856 0.0008180112874293932 -0.001235428920248971 -0.012943 -0.0007979355967929203 -0.9998690361028006 -0.016163970478814266 0.0266492 0.0 0.0 0.0 1.0
1627807321.316402435 -0.0008382184191172148 -0.016046107221721617 0.9998709015832549 -0.0462929 -0.9999992470148148 0.0009096384046793082 -0.0008237279745539894 -0.0180885 -0.0008963033444001622 -0.9998708391592395 -0.01604685761490618 0.0277509 0.0 0.0 0.0 1.0
1627807321.377554893 -0.0008562411168540618 -0.016149038548223027 0.9998692291520515 -0.0471878 -0.9999991161596893 0.0010308141701929618 -0.0008397035110432327 -0.0161996 -0.0010171189653809254 -0.9998690644159935 -0.01614990690052817 0.026379 0.0 0.0 0.0 1.0
1627807321.438154936 -0.0008967819522712195 -0.016290031595759147 0.9998669064694257 -0.0497718 -0.99999914499881 0.0009662094376985952 -0.0008811588797997261 -0.0168271 -0.0009517267354803849 -0.9998668417894114 -0.016290884146948653 0.0278772 0.0 0.0 0.0 1.0
1627807321.499497652 -0.0009213725096417213 -0.016203997857902164 0.9998682820882556 -0.0494432 -0.9999990455301685 0.0010443637527838556 -0.0009045679100026516 -0.0162147 -0.0010295685748953343 -0.9998681611881504 -0.016204944639726937 0.0272045 0.0 0.0 0.0 1.0
1627807321.560203075 -0.0011391981541194474 -0.016148964310167935 0.9998689480023244 -0.0462986 -0.9999989578797164 0.0009051115783950126 -0.0011247277501801878 -0.014537 -0.0008868297734181962 -0.9998691873063894 -0.016149978582444047 0.0269754 0.0 0.0 0.0 1.0
1627807321.621137142 -0.001048089060791707 -0.016217882744934964 0.9998679321733408 -0.0505255 -0.9999988274262396 0.0011333888181171703 -0.0010298426739570599 -0.0136838 -0.001116537266187212 -0.9998678391212805 -0.016219051620693148 0.0302127 0.0 0.0 0.0 1.0
1627807321.712931871 -0.001025286843222839 -0.016304989604509657 0.9998665391445429 -0.0461381 -0.9999990786368597 0.0009062692742876632 -0.0010106440688872342 -0.0152486 -0.0008896697817779575 -0.9998666541044356 -0.016305903767656726 0.027966 0.0 0.0 0.0 1.0
1627807321.773392916 -0.001072898662622196 -0.016273939811028426 0.9998669950405839 -0.0460874 -0.9999989575747302 0.0009836340295240331 -0.0010570305335161345 -0.0145482 -0.000966301150038984 -0.9998670868406075 -0.01627497818629714 0.0272656 0.0 0.0 0.0 1.0
1627807321.834558487 -0.0012373007971833716 -0.01613291336756667 0.9998690905278611 -0.04674 -0.9999988294996054 0.0009198926901620719 -0.0012226188522330705 -0.0135421 -0.0009000478634709208 -0.9998694329279765 -0.01613403266794397 0.0272596 0.0 0.0 0.0 1.0
1627807321.895481825 -0.0011687732058336398 -0.016121904460721426 0.9998693505482368 -0.0463682 -0.9999988565596409 0.0009783273605897813 -0.0011531500275913653 -0.014181 -0.0009596085680828037 -0.999869555028122 -0.016123029469090666 0.0270714 0.0 0.0 0.0 1.0
1627807321.956449032 -0.0012169850428173368 -0.015888961698063586 0.9998730218600574 -0.0456746 -0.9999988772216468 0.000893585443088013 -0.0012029382783987352 -0.0138302 -0.0008743585370399876 -0.9998733631821648 -0.015890031338400112 0.0261014 0.0 0.0 0.0 1.0
1627807322.020036221 -0.001370385910377997 -0.01599202438806052 0.9998711803019569 -0.0455562 -0.9999988378664493 0.0006898934819163649 -0.0013595266582322463 -0.013224 -0.0006680630265716858 -0.9998718813942891 -0.01599295122349978 0.0264217 0.0 0.0 0.0 1.0
1627807322.080136538 -0.001265308841955498 -0.016053980366248832 0.9998703259462873 -0.0454273 -0.999998894618994 0.0008010809194035906 -0.0012526093368856461 -0.0138049 -0.0007808676742924181 -0.9998708056462899 -0.016054976235254287 0.0267284 0.0 0.0 0.0 1.0
1627807322.170375824 -0.001069906786135194 -0.01624093701708995 0.9998675348586309 -0.0483731 -0.9999989578364925 0.0009865917615275721 -0.0010540221176456033 -0.014779 -0.0009693427656830567 -0.9998676205385904 -0.016241975652598828 0.0277172 0.0 0.0 0.0 1.0
1627807322.232444525 -0.0010550207983896775 -0.016027956789514408 0.9998709874440146 -0.0466115 -0.9999989468827472 0.0010133587623835372 -0.0010389116495205797 -0.0143748 -0.0009965763953528328 -0.9998710305360248 -0.016029009024767116 0.026882 0.0 0.0 0.0 1.0
1627807322.291849852 -0.0010656352458606189 -0.016010971125875795 0.9998712483240675 -0.0462376 -0.9999989814366175 0.0009664391060074107 -0.0010502957591616013 -0.0142269 -0.0009494984202791934 -0.9998713491240063 -0.016011984689261294 0.0268237 0.0 0.0 0.0 1.0
1627807322.383151054 -0.001026448869159452 -0.016186931593793474 0.999868456172259 -0.0467061 -0.9999989326860506 0.0010562050577436477 -0.0010094838459667188 -0.0143599 -0.0010397256745277028 -0.9998684251822605 -0.016187998457742797 0.0270553 0.0 0.0 0.0 1.0
1627807322.444782257 -0.0010946109813465277 -0.0161839440623604 0.9998684322356546 -0.0502592 -0.9999989627040458 0.0009537648733561055 -0.001079316171767708 -0.0148231 -0.0009361717960945648 -0.999868576507509 -0.016184971276324733 0.0279558 0.0 0.0 0.0 1.0
1627807322.504963875 -0.0008969570325969289 -0.01642895591136484 0.9998646332757968 -0.0479319 -0.9999990073099836 0.0011012577419217406 -0.000878982612304402 -0.0163677 -0.0010866679016842684 -0.9998644291297936 -0.016429927383380588 0.030926 0.0 0.0 0.0 1.0
1627807322.566292524 -0.0009814542474501364 -0.016367939073729187 0.9998655546212396 -0.0480319 -0.9999989889514982 0.0010449282641773194 -0.0009644796028132618 -0.0149267 -0.0010290012350243072 -0.9998654903012714 -0.01636894807423217 0.0279751 0.0 0.0 0.0 1.0
1627807322.627022743 -0.0010854541395690087 -0.01621096352657464 0.9998680045140214 -0.0482673 -0.9999989920702141 0.0009327075779955174 -0.0010704742547490431 -0.0155544 -0.0009152310457056223 -0.9998681586679886 -0.016211959598363135 0.0285371 0.0 0.0 0.0 1.0
1627807322.688274622 -0.0010468583468828951 -0.016187966864981085 0.9998684182513116 -0.0480909 -0.9999989849260149 0.0009833784772813603 -0.0010310740565656618 -0.0152781 -0.0009665580899587134 -0.9998684826993741 -0.0161889798909641 0.0280469 0.0 0.0 0.0 1.0
1627807322.779921293 -0.0009896327782780434 -0.016271936899577677 0.9998671135188417 -0.0480147 -0.9999989517067149 0.0010729465209476652 -0.0009723020285623551 -0.0150008 -0.001056982703603937 -0.9998670275868184 -0.016272981664861963 0.0282852 0.0 0.0 0.0 1.0
1627807322.840601206 -0.0012658986147649487 -0.016043934904197366 0.9998704864398622 -0.0470088 -0.9999988333469356 0.0008750722632260843 -0.0012520196890000168 -0.013158 -0.0008548716071127838 -0.9998709048678853 -0.016045023939257413 0.0273467 0.0 0.0 0.0 1.0
1627807322.901457548 -0.0016142569662343509 -0.016149530574051885 0.9998682847438882 -0.0482821 -0.9999980472853262 0.001165922316252399 -0.0015956348854154756 -0.00466844 -0.0011399999921288262 -0.9998689080511459 -0.016151381136847692 0.0267601 0.0 0.0 0.0 1.0
1627807322.962569237 -0.0015150932378853454 -0.016057897846980196 0.9998699157436512 -0.0470925 -0.9999985688472711 0.0007770915057387917 -0.0015028081052133602 -0.0117454 -0.0007528584793309867 -0.999870761671491 -0.016059052231761434 0.0272971 0.0 0.0 0.0 1.0
1627807323.023433208 -0.0013764183862034207 -0.01607493094705348 0.9998698425632577 -0.0481767 -0.9999987383410428 0.0008149861462795893 -0.001363493272397931 -0.0119349 -0.0007929620095712964 -0.9998704578057244 -0.01607603242788913 0.0278507 0.0 0.0 0.0 1.0
1627807323.114955902 -0.001368227381367687 -0.016282771522329875 0.9998664907403313 -0.0473396 -0.9999985590705791 0.001027039588882811 -0.0013516828210511922 -0.0101118 -0.0010048933270417892 -0.9998668994127344 -0.016284153283692537 0.0294968 0.0 0.0 0.0 1.0
1627807323.175838947 -0.0013221930640663904 -0.01627878243762587 0.999866617628496 -0.0477497 -0.999998624631304 0.0010226615941342776 -0.001305717719691124 -0.0110721 -0.0010012696944217692 -0.9998669688541628 -0.01628011220436487 0.0281808 0.0 0.0 0.0 1.0
1627807323.236848593 -0.0013786383035048477 -0.01608981548677746 0.9998696000949472 -0.0474029 -0.999998604167599 0.0009659989285449588 -0.0013632714050979544 -0.0105326 -0.0009439381770099398 -0.9998700839027397 -0.016091124791215744 0.0275298 0.0 0.0 0.0 1.0
1627807323.297823191 -0.0013675488285672388 -0.016045748704807516 0.9998703234713505 -0.0478005 -0.9999985030391885 0.0010818689925883584 -0.001350362493734214 -0.011008 -0.0010600611223380296 -0.9998706733913064 -0.016047204193623932 0.0276871 0.0 0.0 0.0 1.0
1627807323.359184504 -0.001504498939291804 -0.016107780655482795 0.9998691293790885 -0.0490026 -0.9999984405089037 0.0009490274726476067 -0.0014894047860027904 -0.010771 -0.0009249122672327914 -0.9998698109000046 -0.016109183346368294 0.0279465 0.0 0.0 0.0 1.0
1627807323.450664997 -0.0013029759104009053 -0.016862703898375575 0.999856965506073 -0.0478102 -0.9999985903317248 0.0010808726990361728 -0.0012849314268777445 -0.0114082 -0.0010590506787755416 -0.9998572302741247 -0.016864088478645844 0.0276715 0.0 0.0 0.0 1.0
1627807323.511629820 -0.001240620749848459 -0.016500779999999604 0.9998630831866664 -0.0512429 -0.9999986898389632 0.0010601287525529857 -0.0012232936625879987 -0.0182199 -0.0010397983035007052 -0.9998632908485137 -0.016502073599048456 0.0345776 0.0 0.0 0.0 1.0
1627807323.571903467 -0.0006181168885408816 -0.019036624736667784 0.999818595971363 -0.0517576 -0.999998380589066 0.0017016534035441955 -0.0005858284219162346 -0.0146142 -0.0016901925209333868 -0.9998173389646379 -0.019037645729256675 0.0301019 0.0 0.0 0.0 1.0
1627807323.633522987 -0.0015241468395800761 -0.014353605680434256 0.9998958200634613 -0.0497191 -0.9999988383741054 3.6937068645548354e-05 -0.001523773635614012 -0.0141388 -1.5061574632269092e-05 -0.999896981013356 -0.014353645304430673 0.0303823 0.0 0.0 0.0 1.0
1627807323.694089174 0.0034982605050507543 -0.04657006364017652 0.9989089004238518 -0.0516849 -0.9999914189129935 0.0020537615752619365 0.003597799851327521 -0.012243 -0.0022190704849185394 -0.9989129147407907 -0.046562479425403036 0.0225664 0.0 0.0 0.0 1.0
1627807323.786437035 0.011102712183683638 -0.09683712624560592 0.995238313552417 -0.0399971 -0.9999035147250378 -0.009384571655240093 0.010241633432422625 -0.0183618 0.00834811491791626 -0.9952559976183717 -0.09693197708690876 0.0222651 0.0 0.0 0.0 1.0
1627807323.846455574 0.014066123107645212 -0.07728968819348003 0.9969094483851959 -0.0635056 -0.9998776203393943 -0.007914956264284734 0.013494362221496081 -0.0180559 0.006847519634951782 -0.9969772603055145 -0.07739156225687552 0.0519768 0.0 0.0 0.0 1.0
1627807323.907390833 0.018424843918602635 -0.0929090114393894 0.9955041138638908 -0.0579125 -0.9998104628591833 -0.007975889312405587 0.017760167425504014 -0.0199455 0.0062899510237212075 -0.995642657173261 -0.09303835624669829 0.0584662 0.0 0.0 0.0 1.0
1627807323.968550682 0.01592612949526065 -0.11326948312077745 0.9934366525314295 -0.0615154 -0.9998429792602863 -0.009525228500105037 0.01494278574883029 -0.0183564 0.007770149497586809 -0.9935186431142462 -0.11340339748531544 0.0712086 0.0 0.0 0.0 1.0
1627807324.029775620 0.004578118131972619 -0.10794134263656746 0.9941467232678409 -0.0598171 -0.999956174768065 -0.008612883580711883 0.0036697111118740855 -0.0138843 0.008166356445148126 -0.9941199549280965 -0.10797604288068047 0.0823781 0.0 0.0 0.0 1.0
1627807324.090326309 -0.004703005900757284 -0.10353971187717081 0.9946142014871344 -0.0629565 -0.9999698502063619 -0.005658943123695026 -0.005317428042701189 -0.0133736 0.006179030163703858 -0.9946092219696716 -0.10350997613332164 0.0997142 0.0 0.0 0.0 1.0
1627807324.182023287 -0.011301933234280886 -0.10330295142058704 0.9945857260854711 -0.0775393 -0.9999262411085286 -0.003256219143049549 -0.011700828152809428 -0.0188105 0.004447319162933672 -0.9946446085234104 -0.1032585303380536 0.129463 0.0 0.0 0.0 1.0
1627807324.243162155 -0.01374544611904635 -0.10422953299070015 0.9944582782417414 -0.0821858 -0.9998959860905197 -0.002911844181050588 -0.014125797801620599 -0.0194918 0.004368032858779736 -0.9945490061409773 -0.10417866707219281 0.149484 0.0 0.0 0.0 1.0
1627807324.304302931 -0.0164403036589634 -0.10317472884929862 0.9945273710373561 -0.0968556 -0.9998479713130581 -0.0040828773827530085 -0.016951825076961524 -0.0136502 0.005809533265553446 -0.9946548674988482 -0.10309191958677114 0.179965 0.0 0.0 0.0 1.0
1627807324.364822626 -0.01892639708428348 -0.11562288400591575 0.9931128537017146 -0.105047 -0.9998071597390805 0.007392303562543473 -0.01819332796694395 -0.0152375 -0.005237826637223331 -0.9932656757092708 -0.11574049693138797 0.199012 0.0 0.0 0.0 1.0
1627807324.426124334 -0.020530113338954714 -0.12737407435149256 0.9916422538543779 -0.107419 -0.9997560345385985 0.010698529871834506 -0.019323893557936844 -0.0166248 -0.00814775122022543 -0.9917970491192653 -0.12756264150750177 0.21344 0.0 0.0 0.0 1.0
1627807324.517305613 -0.02058450918569041 -0.15038589619985904 0.988413051414109 -0.118582 -0.9997813281779893 0.006739374122055969 -0.019795874901081645 -0.0150535 -0.0036842649525432036 -0.9886044016999969 -0.15049173775045355 0.243212 0.0 0.0 0.0 1.0
1627807324.578564167 -0.023688194582714373 -0.16076179083626646 0.9867089317749828 -0.126388 -0.9997174444996646 0.0018593799091841112 -0.02369754986096445 -0.0150195 0.0019749937901254455 -0.9869914839113201 -0.16076041206111388 0.261934 0.0 0.0 0.0 1.0
1627807324.639124155 -0.026423934713835057 -0.17196130671090115 0.9847492496410031 -0.133475 -0.9996259037501647 -0.002410746161778693 -0.027244097610494178 -0.0150059 0.007058911099146414 -0.9851007548962811 -0.17183327523175324 0.279852 0.0 0.0 0.0 1.0
1627807324.700633764 -0.028261861062762184 -0.19048487050411966 0.9812832319561451 -0.142981 -0.9995406834068795 -0.005358795753817258 -0.02982793191920713 -0.0152334 0.010940266165734625 -0.981675505152847 -0.19024592810130075 0.302573 0.0 0.0 0.0 1.0
1627807324.761135578 -0.033556831860965614 -0.20912329507444127 0.977313351230128 -0.149509 -0.9993487441182798 -0.005960275461357717 -0.03558880084580435 -0.0135487 0.013267504086016901 -0.9778711175679715 -0.20878709433701736 0.3144 0.0 0.0 0.0 1.0
1627807324.822330952 -0.03822899979279065 -0.21948945482958598 0.9748655921681992 -0.148933 -0.9990847032125527 -0.010340700336621989 -0.04150693584490861 -0.0143743 0.01919112767734049 -0.9755600694653094 -0.21889324220567583 0.329934 0.0 0.0 0.0 1.0
1627807324.913594961 -0.04026606544070174 -0.22375268224313433 0.9738138329079784 -0.157006 -0.9988016125499866 -0.018122571899227807 -0.04546329459359405 -0.00397209 0.02782054531226391 -0.9744774546272277 -0.2227548151707791 0.356683 0.0 0.0 0.0 1.0
1627807324.974863052 -0.03984161563071034 -0.22178754062092831 0.9742807257096153 -0.161466 -0.9986890148773343 -0.022523096535033066 -0.0459669629822651 -0.00619261 0.032138718507029596 -0.9748348562437607 -0.22059942389981957 0.368606 0.0 0.0 0.0 1.0
1627807325.035526991 -0.04415564898390256 -0.22187796574167878 0.9740741486053026 -0.163919 -0.9986082220703902 -0.01834710479470214 -0.049446967137194486 -0.00610696 0.028842632962768067 -0.9749018166276986 -0.22075903256670695 0.380586 0.0 0.0 0.0 1.0
1627807325.096581221 -0.04458017768084488 -0.21339637976489023 0.9759480482388309 -0.167265 -0.9987543879890491 -0.012395802948563794 -0.04833235502104766 -0.00469931 0.02241160928100694 -0.9768870606024522 -0.21257796357321795 0.395273 0.0 0.0 0.0 1.0
1627807325.157473803 -0.04215683792288116 -0.20743259761184157 0.9773405335216317 -0.172806 -0.9990148050674617 -0.0048226774405382145 -0.04411531523548362 -0.00625009 0.013864352576499983 -0.978237424774941 -0.207024927236616 0.409155 0.0 0.0 0.0 1.0
1627807325.248902798 -0.04152644316248569 -0.2054472806688164 0.9777867709189264 -0.175739 -0.9991270643364869 0.004086321354608596 -0.041574166114789535 -0.00616263 0.004545748412097428 -0.9786596532214737 -0.20543762880202468 0.430708 0.0 0.0 0.0 1.0
1627807325.310232639 -0.04036251244080333 -0.1972942562804602 0.9795130647562627 -0.179936 -0.9991738589893635 0.0033192801710920927 -0.040504097218053925 -0.00640367 0.00473994744377626 -0.9803386959708804 -0.197265237891384 0.450621 0.0 0.0 0.0 1.0
1627807325.370970964 -0.043656842720486644 -0.1948846771672053 0.9798540925510862 -0.182911 -0.9990410546707449 0.005252544093532485 -0.043467020405259627 -0.00753522 0.0033243294127465184 -0.9808120989190434 -0.19492710290766613 0.462242 0.0 0.0 0.0 1.0
1627807325.431809187 -0.04206691977057175 -0.19601228273497373 0.9796987084190945 -0.182176 -0.9991130218549702 0.006405367762376102 -0.04161899594727636 -0.00764535 0.0018825038770141078 -0.9805805200394582 -0.1961078782157912 0.477607 0.0 0.0 0.0 1.0
1627807325.493384600 -0.04455306028106695 -0.20313673660064135 0.9781362333861441 -0.182843 -0.9990065096631127 0.008070262948736945 -0.043827668277737375 -0.00815006 0.0010091929036417646 -0.9791171212368721 -0.20329447712740098 0.492498 0.0 0.0 0.0 1.0
1627807325.553603888 -0.04402236114377345 -0.20187237374397754 0.9784219828061403 -0.186914 -0.9990091918420159 0.0024919218449031 -0.04443450169272967 -0.0111311 0.006531947220354106 -0.9794086660043859 -0.20178205723259873 0.517583 0.0 0.0 0.0 1.0
1627807325.645173788 -0.03420777124176316 -0.20641668089498277 0.9778660349122316 -0.1907 -0.9993897400196217 0.0001440215291451108 -0.03493031350147935 -0.00878649 0.007069365613949441 -0.9784641705786152 -0.20629563971087303 0.554286 0.0 0.0 0.0 1.0
1627807325.705974340 -0.03005001014601069 -0.20558287580355938 0.978178244527327 -0.18689 -0.9995466963868951 0.004375609547353082 -0.02978683909268376 -0.0119404 0.0018435379760049497 -0.9786299276117748 -0.20562117145445796 0.58886 0.0 0.0 0.0 1.0
1627807325.767556429 -0.027997237254514168 -0.20352411760367733 0.9786695500830498 -0.186525 -0.9996077734013802 0.006360331208420084 -0.027273531902825776 -0.0103907 -0.0006738409676652624 -0.9790492733976998 -0.20362236173315193 0.619963 0.0 0.0 0.0 1.0
1627807325.828256369 -0.030164393385734123 -0.20166978297830518 0.9789889723613614 -0.185275 -0.9995420494572533 0.008446013540017783 -0.029057808280667674 -0.00800624 -0.0024084722263047476 -0.9794171549900306 -0.20183219706669697 0.660877 0.0 0.0 0.0 1.0
1627807325.888963938 -0.03051163417615904 -0.2033530417537383 0.9786299507931498 -0.184058 -0.9995169665127546 0.011992008912993513 -0.02867098490411607 -0.00446712 -0.005905407102106408 -0.9790320383581599 -0.20362071121382846 0.69243 0.0 0.0 0.0 1.0
1627807325.980474472 -0.028205601367468608 -0.2037963179006207 0.9786069205056996 -0.177886 -0.9995729063387432 0.013237912258963008 -0.02605307261231049 0.00111893 -0.007645192281282132 -0.9789238062735901 -0.20408266106117162 0.751852 0.0 0.0 0.0 1.0
1627807326.041702747 -0.02908638501938829 -0.1941787958465676 0.9805348425477196 -0.173902 -0.9994769736125774 0.019520103078453893 -0.02578264521049184 0.00251251 -0.014133698197834443 -0.9807719208966903 -0.19464500444621996 0.791378 0.0 0.0 0.0 1.0
1627807326.102425337 -0.029097240365117433 -0.19448439524786704 0.9804739520294286 -0.172091 -0.9994377656555136 0.022007563819672477 -0.02529465785967372 -0.00139104 -0.016658426835973794 -0.9806587006394194 -0.19501540881570362 0.829048 0.0 0.0 0.0 1.0
1627807326.163717985 -0.032292555796394395 -0.19246024996107475 0.9807732882909572 -0.170837 -0.9993023118097819 0.024639432086958568 -0.028067561312968725 0.00262238 -0.01876380696345642 -0.9809953876402032 -0.19312164295305015 0.872003 0.0 0.0 0.0 1.0
1627807326.224581718 -0.03947834433915767 -0.20001480182322323 0.9789972111195494 -0.171539 -0.9990279977728695 0.027128192285264835 -0.03474364473202107 0.010658 -0.019609181374297457 -0.9794172452203149 -0.20089136310672867 0.917438 0.0 0.0 0.0 1.0
1627807326.315903425 -0.0458058783295372 -0.20531718367666113 0.9776229721101813 -0.169374 -0.9989125021705803 0.017934337752581353 -0.04303687415098023 0.0249219 -0.008696810781580244 -0.9785311510710638 -0.2059153997780857 0.991566 0.0 0.0 0.0 1.0
1627807326.376869202 -0.04878523578921215 -0.19588080171359828 0.9794134531897287 -0.170572 -0.998809225887725 0.009212080158995967 -0.04790895386780991 0.0246285 0.00036200905330358024 -0.9805844426153121 -0.19609696542849167 1.0361 0.0 0.0 0.0 1.0
1627807326.437787533 -0.05264319868825415 -0.186219152595066 0.9810968967633342 -0.172701 -0.9985998664663347 0.004704524051399012 -0.05268941209453898 0.0157911 0.005196183723401249 -0.9824969692880612 -0.1862060821092784 1.08112 0.0 0.0 0.0 1.0
1627807326.499304771 -0.05304719656939916 -0.19312182751753193 0.9797397382327697 -0.17408 -0.9985600005741988 0.0024035537020237197 -0.05359242654384688 0.0202516 0.007995010280397674 -0.9811718415577825 -0.1929712339824934 1.1201 0.0 0.0 0.0 1.0
1627807326.560204744 -0.05183087806860634 -0.1938335064333006 0.9796642954922921 -0.174422 -0.9986144068100529 0.0011198106469940405 -0.05261190488398565 0.0244903 0.009100911495226016 -0.9810338005430224 -0.19362297281590726 1.17094 0.0 0.0 0.0 1.0
1627807326.651381731 -0.046140197742034816 -0.15758445000914212 0.9864269984482592 -0.177326 -0.9988586116695586 -0.004931533210009831 -0.04750951350793464 0.0181775 0.012351358058447726 -0.987493200531282 -0.15717704303936134 1.22571 0.0 0.0 0.0 1.0
1627807326.712504864 -0.03895474153944045 -0.13354986419160275 0.9902762048469103 -0.18353 -0.9992186564355748 -0.0014175516293413182 -0.03949768573553131 0.033915 0.006678678213541511 -0.9910410810464834 -0.13339029550734696 1.25872 0.0 0.0 0.0 1.0
1627807326.773092270 -0.02868809168538683 -0.13326519866548026 0.9906651201188529 -0.187578 -0.999588174429521 0.0031414122854329096 -0.028523903476044388 0.0329113 0.0006891560843588218 -0.991075435248752 -0.13330043777268094 1.28955 0.0 0.0 0.0 1.0
1627807326.834546089 -0.018703670737322736 -0.14179414379818406 0.989719451908211 -0.192764 -0.9998068584553816 0.008627309159457613 -0.017658293299402383 0.0198197 -0.006034773113415159 -0.9898585708681856 -0.14192811980810055 1.32096 0.0 0.0 0.0 1.0
1627807326.895150185 -0.015054314410267056 -0.1301737396206265 0.9913769036702529 -0.194376 -0.9998789384192049 0.005860814834125372 -0.014413859828771636 0.019646 -0.0039339704269611975 -0.9914738767928589 -0.1302462111311434 1.34725 0.0 0.0 0.0 1.0
1627807326.956173897 -0.016365901242484687 -0.12004727608409815 0.9926332700354696 -0.202375 -0.9998584872571056 -0.0019013557094282596 -0.01671497252162507 0.0149222 0.003893935856392028 -0.9927663553682984 -0.11999917046501501 1.36689 0.0 0.0 0.0 1.0
1627807327.048012257 -0.012112889985750136 -0.127222549860332 0.9918002322560873 -0.203152 -0.9999190350970154 -0.002326328372394576 -0.012510453507266761 0.0170774 0.003898864815148506 -0.9918714689935079 -0.1271840707392795 1.39701 0.0 0.0 0.0 1.0
1627807327.108619213 -0.0072876551898232445 -0.10163879091043815 0.9947946754301105 -0.21236 -0.9999284329349072 -0.008698258297973022 -0.008213970472479348 0.0228713 0.009487839067736203 -0.9947833414793628 -0.10156812701324541 1.40654 0.0 0.0 0.0 1.0
1627807327.169989586 0.0024386488674658924 -0.08428882535913407 0.9964383808902979 -0.220285 -0.9999274935232398 -0.01195600659902643 0.001435828170460618 0.0240103 0.011792399587541913 -0.9963696341347329 -0.08431187037532917 1.42053 0.0 0.0 0.0 1.0
